 117 113  99 105 112  97 100 122 110 116 110 104 101 115 108 103 118 106 106 111 122 109 107 102 121 114
 117 113  99 105 112  97 100 122 119 116 110 104 101 120 108 122 118 120 106 111  98 109 107 102 107 114
  99 113  99 105 112  97 100 112 119 116 110 104 101 115 108 103 121 120 106 111  98 109 107 102 121 114
 117  98 110 105 112  97 100 122 119 116 110 104 101 115 108 103 118 120 106 111  98 109 107 102 121 119
 117 113  99 105 115  97 100 122 119 116 110 104 101 115 108 103 118 120 106 102  98 109 107 102 111 114
 117 113  99 105 115  97 101 122 119 116 110 104 101 115 108 103 118 120 107 111  98 109 107 102 121 114
 117 113  99 103 117  97 100 122 119 116 110 104 101 115 108 103 118 120 106 111  98 109 107 102 105 114
 117 113  99 105 112  97 100 122 109 116 110 104 101 115 108 100 118 120 100 111  98 109 107 102 121 114
 117 113  99 105 112  97 100 122 119 116 122 104 101 115 108 103 100 120 106 116  98 109 107 102 121 114
 117 113 117 105 112  97 100 122 119 116  99 104 101 115 108 103 118 120 106 111  98 109 107 102  98 114
 117 113  99 116 112  97 100 122 119 116 110 104 101 115 106  98 118 120 106 111  98 109 107 102 121 114
 117 101  99 105 112  97 114 122 119 116 110 104 101 115 108 103 118 120 106 111  98 109 107 102 121 120
 117 113  99 105 112  97 100 122 119 116 110 104 101 115 115 103 118 120 106 107  98 109 107 102 107 114
 117 113  99 105 112  97 109 122 119 116 110 104 101 115 108 103 118 120 105 111  97 109 107 102 121 114
 117  99 105 105 122  97 100 122 119 116 110 104 101 115 108 103 118 120 106 111  98 109 107 102 121 114
 117 113  99 105 101  97 100 122 119 116 110 104 101 115 102 103 118 120 101 111  98 109 107 102 121 114
 102 113  99 105 112  97 100 122 119 116 110 114 101 115 108 103 118 107 106 111  98 109 107 102 121 114
 117 113  99 105 112  97 100 122 114 116 110 104 101 114 108 103 118 120 106 111  98 109 107 108 121 114
 117 113  99 121 112  97 100 122 119 116 110 104 101 115 108 103 118 120 106 111  98 109 107 120 102 114
 117 113  99 105 112  97 100 122 119 116 110 104 101 109 108 103 118 120 106 111  98 109 118 102 117 114
 117 119  99 105 117  97 100 122 119 119 110 104 101 115 108 103 118 120 106 111  98 109 107 102 121 114
 117 113  99 105 112  97 100 122 119 116 110 104  99 115  99 103 118 120 106 111  98 109 107 117 121 114
 117 112 114 105 112  97 100 122 119 116 110 104 101 115 108 111 118 120 106 111  98 109 107 102 121 114
 117 113  99 105 112  97 100 122 108 116 110 104 101 115 108 103 118 120 106 111  98 109 107 102 116  99
 117 113  99 105 112  97 100 122 119 116 110 104 101 115 108 103 118 103 106 111  98 109 105 102 115 114
 117 113 111 105 112  97 100 122 119 116 110 104 101 115 108 103 118 120 106 111 115 109 107 102 107 114
 117 113  99 105 112  97 100 122 119 116  98 104 101 115 114 113 118 120 106 111  98 109 107 102 121 114
 117 113  99 105 112  97 100 122 119 116 110 104 101 115 108 112 118 120 106 111  98 109 104 102 121 120
 117 104  99 105 110  97 100 122 119 116 110 104 101 115 108 103 118 120 106 121  98 109 107 102 121 114
 117 113  99 105 112  97 100 122 119 116 110 104 104 115 108 103 118 120 106  97  98 109 107  98 121 114
 117 101  99 105 112  97 100 122 119 116 110 104 101 115 108 103 118 120 106 111  98 113 121 102 121 114
 117 113  99 105 112  97 100 102 119 116 110 104 101 115 108 119 118 120 106 111  98 103 107 102 121 114
 117 113  99 105 112  97 100 122 118 116 110 104 101 115 104 103 118 120 122 111  98 109 107 102 121 114
 102 113  99 105 112  97 100 122 119 116  99 104 101 115 108 103 118 120 106 111  98 109 107 102 121 116
 117 101  99 105 112  97 100 122 119 116 110 104 101 115 108 103 112 120 106  98  98 109 107 102 121 114
 117 113  99 108 112  97 100 122 119 116 110 104 101 115 108 103 118 110 106 111  98 117 107 102 121 114
 113 113  99 105 112 114 100 122 101 116 110 104 101 115 108 103 118 120 106 111  98 109 107 102 121 114
 117 113  99 105 112  97 104 112 119 116 110 104 101 115 108 103 118 120 106 116  98 109 107 102 121 114
 117 113  99 105 100  97 100 122 119 116 110 104 101 115 108 106 118 120 121 111  98 109 107 102 121 114
 117 113  99 105 114  97 100 115 119 116 110 113 101 115 108 103 118 120 106 111  98 109 107 102 121 114
 117 113  99 105 112  97 100 122 119 116 114 104 109 115 108 103 118 120 106 111  98 109 107 102 121 102
 117 114  99 105 112  97 100 122 106 116 110 104 101 115 108 103 118 120 102 111  98 109 107 102 121 114
 117 113  99 105 112  97 100 122 119 122 110 104 101 115 108 103 118 120 106 111  98 109 107 102  99 118
 117 113  99 105 112  97 100 111 119 116 110 104 101 115 108 103 121 120 106 111  98 109 107 102 121 109
 117 113  99 105 103  97 100 122 119 116 110 104 101 115 108 103 118 120 106 111 111 109 107 109 121 114
 117 113 106 105 112  97 102 122 119 116 110 104 101 115 108 103 118 101 106 111  98 109 107 102 121 114
 117 113  99 105 111  97 100 122 119 116 110 104 104 115 108 103 118 120 122 111  98 109 107 102 121 114
 117 113  99 103 112  97 100 107 119 116 110 104 101 115 108 103 118 120 106 111  98 104 107 102 121 114
 117 102  99 105 105  97 100 101 119 116 110 104 101 115 108 103 118 120 106 111  98 109 107 102 121 114
 117 113 111 105 112  97 100 122 119 116 110 104 101 115 108 103 118 120 106 108 108 109 107 102 121 114
 117 113  99 105 112  97 100 122 117 116 110 104 101 115 108 103 119 120 120 111  98 109 107 102 121 114
 117 113  99 105 112  97 100 122 119 116 108 104 101 115 108 103  97 120 106 111  98 109 107 102 119 114
 117 113  99  98 112  97 100 122 117 116 110 104 101 115 108 103 118 120 106  98  98 109 107 102 121 114
 117 117  99 105 112  97 100 122 119 118 110 104 101 115 110 103 118 120 106 111  98 109 107 102 121 114
 117 113  99 105 102  97 100 122 119 116 110  99 101 115 108 103 118 120 106 111 117 109 107 102 121 114
 117 106  99 105 112  97 100 122 119 116 101 104 101 115 108 103 118 120 106 111  98 109 107 102 121 106
 117 113  99 105 112  97 100 122 119 116 110 104 101 115 108 113 118 120 106 111  98 109 107 117 121 112
 117 113  99 105 112  97 100 122 119 116 110 104 101 115 108 103 118 120 106 111 120 109 107 120 121 119
 117 113  99 105 112  97 100 117 119 116 110 104 101 115 108 103 118 117 106 109  98 109 107 102 121 114
 117 105  99 105 112  97 100 110 119 116 110 104 101 115 108 103 118 120 106 111  98 109  98 102 121 114
 117 113  99 105 112  97 100 122 119 116 101 104 101 115 108 103 118 120 106 111  98  98 109 102 121 114
 117 113  99 105 112  97 100 122 119 103 110 110 101 115 108 103 118 120 106 111  98 109 107 108 121 114
 117 113  99 105 112  97 100 122 120 116 110 104 119 115 108 103 118  98 106 111  98 109 107 102 121 114
 117 113  99 105 112  97 120 119 119 116 110 104 101 115 108 120 118 120 106 111  98 109 107 102 121 114
 117 111  99 105 112  97 100 122 119 116 110 104 101 115 108 103 118 120 106 111  98 113 100 102 121 114
 117 113  99 105  97  97 117 122 119 116 110 104 101 115 108 103 116 120 106 111  98 109 107 102 121 114
 117 110  99 105 112  97 103 122 119 116 110 107 101 115 108 103 118 120 106 111  98 109 107 102 121 114
 117 113  99 105 112  97 100 122 119 116 110 104 101 104 108 103 118 120 106 111 104 100 107 102 121 114
 117 113  99 105 112  97 100 122 119 116 110 104 101 115 108 103 118 120 106 111  98 109 115 112 121 122
 117  99  99 105 112  97 100 122 119 116 110 104 118 115 108 116 118 120 106 111  98 109 107 102 121 114
 117  97  99 105 112  97 103 122 119 116 110 104 101 115 108 103 118 120 106 111 113 109 107 102 121 114
 116 113  99 105 112  97 100 117 119 116 110 104 101 115 108 103 118 120 106 111  98 109 109 102 121 114
 117 113  99 105 112  97 100 122 119 116 110 104 101 115 108 103 118 120 113 101  98 109 105 102 121 114
 117 101  99 105 112  97 100 116 104 116 110 104 101 115 108 103 118 120 106 111  98 109 107 102 121 114
 117 111  99 105 112  97 100 122 119 116 110 104 100 115 108 103 118 107 106 111  98 109 107 102 121 114
 117 113  99 105 112  97 100 116 119 116 110 104 101 115 108 103 118 120 104 111  98 109 117 102 121 114
 117 113 107 105 112  97 100 122 119 116 110 108 101 115 108 103 116 120 106 111  98 109 107 102 121 114
 117 113  99 105 112  97 100 122 106 117 110 104 101 115 108 103 118 120 106 111  98 109 110 102 121 114
 117  98  99 105 112  97 100 122 119 116 118 104 101 115 108 103 118 120 106 111  98 109 107 102 121 102
 117 113  99 105 112  97 100 122 119 112 102 104 101 115 108 103 118 120 106 115  98 109 107 102 121 114
 117 111  99 105 112  97 100 122 119 116 110 100 101 115 108 103 118 120 106 111  98 109 109 102 121 114
 117 113  99 105 112  97 100 122 119 116 110 104 101 115 108 103 116 120 106 111  98 104 107 102 121 113
 117 113  99 105 112  97 100 122 119 116 114 104 101 115 108 103 118 120 106 111  98 109 121 102 121  97
 117 113  99 105 112  97 100 122 119 116 118 104 101 115 108 103 118 120 106 111 108 103 107 102 121 114
 117 113  99 105 112 105 100 122 119 116  97 104 101 115 108 103 118 120 106 111  98 109 107 102 120 114
 117 121 122 105 120  97 100 122 119 116 110 104 101 115 108 103 118 120 106 111  98 109 107 102 121 114
 117 113 121 105 104  97 100 122 119 116 110 104 101 100 108 103 118 120 106 111  98 109 107 102 121 114
 117 113  99 105 112  97 100 122 119 116 110 104 101 115 108 116 118 101 106 111  98 113 107 102 121 114
 117 113  99 105 112 116 100 122 119 116 110 104 101 115 108 103 121 120 108 111  98 109 107 102 121 114
 117 113  99 105 112 122 100 122 119 116 110 104 122 115 108 103 118 120 106 111 115 109 107 102 121 114
 117 113  99 105 112  97 100 122 119 116 110  98 101 115 108 103 101 120 106 111  98 109 107 102 118 114
 117 113  99 105 112  97 100 122 119 116 110 104 101 115 108  99 119 120 106 111  98 109 107 107 121 114
 117 113  99  97 112  97 100 122 119  99 110 104 101 115 108 103 118 120 106 111 108 109 107 102 121 114
 117 113  99 106 112  97 100 122 119 116 110 104 101 106 108 103 118 120 106 120  98 109 107 102 121 114
 117 113  99 105 112  97 100 119 119 116 120 119 101 115 108 103 118 120 106 111  98 109 107 102 121 114
 117 113 109 105 112  97 100 122 119 116 110 104 101 122 108 103 118 120 106 111  98 109 107 121 121 114
 117 113  99 105 112 117  98 122 119 116 110 112 101 115 108 103 118 120 106 111  98 109 107 102 121 114
 117 101  99 118 112  97 100 122 119 116 110 104 101 115 108 103 118 120 106 111  99 109 107 102 121 114
 117 113  99 105 112  97 100 122 119 102 110 104 101 115 108 103 118 120 106 105  98 109 107 100 121 114
 117 113  99 105 112  97 100 122 119 116 110 104 101 115 108 103 118 120 118 102  98 121 107 102 121 114
 117 113  99 105 112  97 100 122 119 116 110 104 101 115 108 103 118 103 106 111 105 109 107 102 121 116
 100 113  99 113 112  97 113 122 119 116 110 104 101 115 108 103 118 120 106 111  98 109 107 102 121 114
 117 113  99 105 112  98 100 122 119 116 110 104 101 115 108 103 118 120 106 111  98 109 107 103 104 114
 106 113  99 105 112  97 100 122 119 116 110 104 101 115 108 103 118 120 106 103  98 109 107 122 121 114
 117 113  99 105 112  97 100 122 119 116 110 104 101 115 108 103 118 120 113 107 113 109 107 102 121 114
 117 113  99 105 112  97 100 122 112 116 110 104 101 115 108 103 118 120 106 120  98 111 107 102 121 114
 117 117  99 105 106  97 100 122 119 116 119 104 101 115 108 103 118 120 106 111  98 109 107 102 121 114
 117  99  99 102 112  97 100 122 119 116 110 104 101 115 108 103 118 120 106 111  98 112 107 102 121 114
 117 113  99 105 112  97 100 122 119 116 110 104 101 115 108 103 118 120 106 111  98  97 107 101 121 113
 117 113  99 105 112  97 100 122 119 116 110 104 101 111 108 103 118 120 113 111  98 106 107 102 121 114
 105 109 105 105 112  97 100 122 119 116 110 104 101 115 108 103 118 120 106 111  98 109 107 102 121 114
 117 113  99 101 104  97 100 122 119 116 110 104 101 115 108 103 118 120 106 111  98 109 107 117 121 114
 117 113  99 105 112  97 100 122 122 116 110 104 101 115 108 103 118 120 106 111 114 111 107 102 121 114
 114 113  99 105 120  97 100 122 119 116 110 104 101 101 108 103 118 120 106 111  98 109 107 102 121 114
 117 113  99 105 112  97 100 122 119 116 122 104 101 115 108 103 118 120 106 111 100 109 107 102 121 105
 117 113  99 105 112  97 101 122 119 116 110 119 117 115 108 103 118 120 106 111  98 109 107 102 121 114
 117 113  99 105 112  97 100 122 119 116 110 104 101 115 108 103 103 120 106 111  98 106 107 102 121 113
 117 113  99 105 112  97 100 122 119 107 103 104 101 115  97 103 118 120 106 111  98 109 107 102 121 114
 117 113  99 121 112 113 100 122 119 116 110 104 101 115 108 103 118 120 106 111  98  97 107 102 121 114
 105 113  99 105 112  97 100 122 119 116 110 104 101 122 108 116 118 120 106 111  98 109 107 102 121 114
 117 120  99 105 109  97 100 122 119 116 110 104 101 115 108 103 118 120 106 111  98 109 120 102 121 114
 117 113  99 105 112  97 105 122 119 116 118 104 119 115 108 103 118 120 106 111  98 109 107 102 121 114
 117 113  99 105 112  97 102 122 119 116 110 104 101 115 108 103 118 120 106 112  98 109 107 102 121 109
 117 113  99 105 112  97 100 122 119 105 110 104 101 115 108 103 118 120 108 111  98 109 112 102 121 114
 117 113  99 117 112  97 100 122 119 116 110 104 101 115 108 107 118 120 109 111  98 109 107 102 121 114
 117 113  99  97 112  97 100 122 119 116 110 104 101 115 114 103 118 120 106 111  98 109 107 102 115 114
 117 114  99 105 112  97 102 122 119 116 110 104 101 115 108 103 118 120 106 111  98 109 107 102 117 114
 117 113  99 105 112  97  99 122 119 116 110 104 101 115 108 103 118  98 106 111  98 109 107 110 121 114
 117 113  99 105 122  97 100 122 122 116 103 104 101 115 108 103 118 120 106 111  98 109 107 102 121 114
 117 113  99 105 112 102 100 122 119 116 110 104 101 115 120 103 118 120 106 111  98 109 107 102 121 119
 117 113  99 105 112  98 100 122 119 116 110 104 121 115 108 103 118 120 106 111  98 109  99 102 121 114
 117 113  99 105 112  97 100 122 119  97 110 104 101 122 108 103 118 120 106 111  98 109 107 102 119 114
 117 118  99 105 112  97 100 122 119 116 110 104 101 115 108 103 118 120 106  98 107 109 107 102 121 114
 117 113  99 105 112  97 106 122 119 116 110 115 101 115 108 103 118 120 106 111  98 109 107 102 121 113
 117 113  99 105 112 118 100 122 119 116 110 104 101 115 108 103 118 109 108 111  98 109 107 102 121 114
 117 113  99 105 112  97 100 122 100 103 110 104 101 115 108 103 109 120 106 111  98 109 107 102 121 114
 117 113  99 105 112 100 100 122 119 116 110 104 101 115 116 103 118 112 106 111  98 109 107 102 121 114
 117 109  99 105 112  97 100 122 119 116 100 104 101 115 108 103 118 120 106 122  98 109 107 102 121 114
 117 113  99 105 117 119 100 122 119 116 110 104 101 115 108 103 118 120 106 111  98 109 107 102 108 114
 117 113  99 105 112  97 100 122 119 116 110 104 101 115 108 103 115 120  97  98  98 109 107 102 121 114
 117  99 101 105 112  97 100 122 119 116 110 104 101 115 108 103 118 120 106 111  98 103 107 102 121 114
 109 113  99 105 112  97 100 122 119 116 110 104 101 115 114 103 118 120 106 111  98 109 106 102 121 114
  97 113  99 105 112  97 100 118 119 116 110 104 101 115 108 103 118 120 106 111  98 109 107 114 121 114
 117 113 115 105 112  97 100 122 119 116 110 111 102 115 108 103 118 120 106 111  98 109 107 102 121 114
 117 113  99 105 120  97 100 122 119 116 102 104 101 115 108 103 118 120 106 122  98 109 107 102 121 114
 117 113  99 105 112  97 100 110 119 102 110 104 101 115 108 103 118 120 106 111 104 109 107 102 121 114
 117 113  99 105 118  97 100 122 119 116 110 104 101 115 108 102 118 120 106 111  98 109 107 102 121 122
 117 113  99 105 112 114 100 122 119 116 110 104 101 115 108 103 118 120 106 111  98 109 107 106 105 114
 117 113  99 105 112  97 100 104  98 116 110 104 101 115 108 103 118 120 106 111 120 109 107 102 121 114
 102 113  99 105 112  97 100 122 119 116 110 104 101 115 102 103 118 120 106 111  98 109 107 102 121 101
 117 113 111 105 112 113 100 122 119 116 110 104 101 113 108 103 118 120 106 111  98 109 107 102 121 114
 117 113  99 105 112  97 100 122 119 116 110 104 101 115 108 116 118 120 109 111  98 109 107 122 121 114
 117 113  99 105 112  97 100 122 119 116 110 104 101  98 113 103 118 115 106 111  98 109 107 102 121 114
 117 113  99 105 112  97 100 122 119 116 110 104 101 115 108 103 108 120 106 111  98 109 102  98 121 114
 103 113  99 105 112  97 100 122 119 116 103 104 101 115 108 103 118 120 106 111  98 119 107 102 121 114
 117 113  99 105 112  97 100 122 119 116 110 104 101 115 108 103 102 120 106 122  98 109 108 102 121 114
 117 106  99 110 112  97 100 122 119 116 110 104 101 115 108 114 118 120 106 111  98 109 107 102 121 114
 117 106  99 105 118  97 100 122 119 116 110 104 101 103 108 103 118 120 106 111  98 109 107 102 121 114
 117 113  99 105 116  97 100 122 119 103 110 104 101 115 108 103 118 120 106 111 102 109 107 102 121 114
 117 113  99 105 112  97 104 122  97 116 110 104 109 115 108 103 118 120 106 111  98 109 107 102 121 114
 117 113 122 105 112  97 105 122 119 116 110 104 101 115 108 103 118 117 106 111  98 109 107 102 121 114
 117 113  99 105 112  97 100 122 108 116 110 104 101 121 108 103 118 110 106 111  98 109 107 102 121 114
 117 113  99 105 100  97 100 122 119 116 110 104 119 115 108 106 118 120 121 111  98 109 107 102 121 114
 117 113  99 105 112  97 100 122 119 116 105 104 101 116 108 103 118 120 106 111  98 104 107 102 121 114
 111 113  99 105 112  97  98 122 119 116 110 104 101 115 108 103 118 102 106 111  98 109 107 102 121 114
 117 113  99 105 112  97 100 122 119 116 110 118 101 115 108 103 118 120 106 111  98 122 107 102 122 114
 117 113  99 105 112  97 100 122 119 116 106 104 101 115 108 103 113 120 106 111  98 109 108 102 121 114
 117 113  99 110 112  97 100 122 122 116 110 104 101 115 108 103 118 120 106 111  98 109 107 111 121 114
 117 113  99 105 117  97 100 122 119 111 110 104 101 115 108 103 118 120 106 111  98 109 107 102 121 122
 116 113  99 105 112  97 100 122 119 116 110 104 101 115 108 103 118 120  97 111  98 109 113 102 121 114
 117 113  99 105 112  97 100 116 119 116 110 104 113 115 108 103 118 120 106 111  98 109 107 101 121 114
 117 113  99 105 112  97 100 122 119  98 110 104 101 115 108 103 118  97 106 111  98 109 115 102 121 114
 117  98  99 111 112  97 100 122 119 116 110 104 103 115 108 103 118 120 106 111  98 109 107 102 121 114
 117 113  99 105 112 121 100 122 119 116 119 104 101 115 108 103 118 120 106 111  98  97 107 102 121 114
  99 113  98 105 106  97 100 122 119 116 110 104 101 115 108 103 118 120 106 111  98 109 107 102 121 114
 117 115  99 105 112  97 100 111 119 116 110 104 101 115 108 103 118 120 106 111  98 109 107 102  99 114
 117 113  99 105 112  97 100 122 119 116 103 104 101 115 108 110 118 120 106 111  98 115 107 102 121 114
 117 113  99 105 112 122 100 122 119 116 110 122 101 115 108 103 107 120 106 111  98 109 107 102 121 114
 117 113  99 105 112  97 119 122 119 116 110 104 114 115 108 103  98 120 106 111  98 109 107 102 121 114
 117 113  99 105 112  97 100 122  97 116  99 104 121 115 108 103 118 120 106 111  98 109 107 102 121 114
 117 113  99 105 112  97 100 122 111 116 110 112 101 115 108 103 118 120 106 111  98 109 106 102 121 114
 117 113  99 105 112  97 103 122 119 116 110 104 101 115 108 103 118 120 106 111  98 109 118 102 121 116
 117 113  99 105 112  97 100 122 119 104 110 104 101 115 108 103 118 120 121 111  98 109 107 102 121 111
 117 113  99 105 112  97 100 122 119 116 110 104 101 115 108 103 109 113 106 111  98 109 107 102 121  99
 117 113  99 117 112  97 100 122 119 103 110 104 101 115 108 103 118  99 106 111  98 109 107 102 121 114
 117 113  99 105 112  97  98 122 119  98 110 104 101 115 108 103 118 120 106 111  98 109 107 119 121 114
 117 113  99 105 105  97 100 122 119 116 110 104 101 115 108 103 118 120 106 111  98 109 107 102 109 122
 117 113 107 105 112  97 117 122 119 116 110 104 101 115 108 103 118 120 106 106  98 109 107 102 121 114
 117 113  99 105 112 105 100 122 101 116 110 104 101 115 108 103 118 120 106 111  98 109 107 102 121 105
 117 113  99 105 112  97 100 122 119 116 110 104 101 115 108 103 113 120 106 111 107 109 107 102 109 114
 117 113  99 105 112  97 100 122 113 116 110 104 101 115 108 108 118 120 106 111  98 109 107 102 121 107
 117 113  99  99 112  97 100 122 119 116 110 104 101 115 108 103 109 120 115 111  98 109 107 102 121 114
 117 113  99 105 112  97 100 122 119 116 101 104 101 115 108 103 118 108 106 102  98 109 107 102 121 114
 117 113  99 105 112  97 100 120 119 105 110 104 101 115 108 103  97 120 106 111  98 109 107 102 121 114
 117 113  99 105 112  97 100 122 119 116 110 104 101 115 108 104 118 120 121 111  98 109 107 102 106 114
  97 113  99 105 112  97 100 122 119 110 110 104 101 115 108 103 118 120 106 113  98 109 107 102 121 114
 117 118  99 105 112  97 100 122 119 116 110 104 101 115 122 103 118 120 106 111  98 109 107 102 121 103
 117 113  99 105 112  97 104 122 109 116 110 104 101 115 108 103 118 120 106 111  98 109 107 102 105 114
 117 107  99 105 112  97 100 122  98 116 110 104 101 115 108 103 118 120 106 111  98 109 107 102 121  98
 117 113  99 105 112  97 100 122 119 116 110 104 101 109 108 103 118 113 106 111  98 109 107 102 112 114
 117 113  99 105 112  97 100 122 119 116 110 104 101 115 108 103 118 109 101 111  98 109 107 102 112 114
 117 113  99 105 112 104 100 114 119 116 110 104 101 115 108 103 118 120 106 111  98 109 107 102 121 119
 117 113  99 105 112  97 100 122 119 116 110 104 101 115 108 101 118 120 113 111  98 122 107 102 121 114
 117 113  99 105 112  97 100 122 119 107 110 122 101 115 108 103 118 120 110 111  98 109 107 102 121 114
 119 113  99 105 112  97 100 122 119 106 110 104 101 115 108 103 118 120 106 111  98  98 107 102 121 114
 117 113  99 105 112  97 100 122 119 116 100 104 101 115 108 103 118 109 106 111  98 109 107 106 121 114
 117 113 118 105 112  97 100 122 119 116 110 104 101 120 116 103 118 120 106 111  98 109 107 102 121 114
 117 113 104 105 112  97 100 122 119 116 110 104 101 115 108 119 118 120 106 122  98 109 107 102 121 114
 117 113  99 105 112  97 100 122 119 116 110 104 101 114 108 103 115 120 106 111  98 109 107 115 121 114
 117 113  99 105 112  97 100 122 119 116 110 104 101 115 113 103 118 120 106 111 116 109 118 102 121 114
 117 100  99 105 112  97 100 122 119 116 110 104 101 107 119 103 118 120 106 111  98 109 107 102 121 114
 117 113  99 106 112 114 100 122 119 116 110 104 101 115 108 103 118 120 106 111  98 109 107 102 112 114
 117 113  99 105 112  97 100 122  97 116 110 104 101  99 108 103 118 113 106 111  98 109 107 102 121 114
 117 113  99  98 112  97 100 122  99 116 110 104 101 115 108 113 118 120 106 111  98 109 107 102 121 114
 117 113  99 105 112  97 100 122 113 116 110 104 101 115 108 117 118 120 106 111  98 114 107 102 121 114
 117 113  99 105 112  97 100 122 119 116 110 104  99 115 108 103 118 120 106 111 111 109 119 102 121 114
 117 113  99 112 112  97 100 122 119 120 110 104 101 115 108 103 119 120 106 111  98 109 107 102 121 114
 117 113  99 105 112  97 100  99 119 116 110 104 101 115 108 114 118 120 106 100  98 109 107 102 121 114
 117 107  99 105 112  97 100 122 119 116 110 104 104 115 108 103 118 120 106 111  98 109 107 103 121 114
 117 113  99 107 112  97 100 122 119 116 110 104 101 115 108 103 118 120 106 111 107 109 107 105 121 114
 117 113  99 115 112  97 100 122 119 116 106 104 101 115 108 103 118 120 106 111  98 109 107 102 106 114
 117 113  99 105 112  97 100 112 119 116 110 104 115 115 108 103 118 120 106 111  98 109 107 102 121 117
 117 113  99 101 112  97 100 122 119 116 110 104 101 105 108 103 118  98 106 111  98 109 107 102 121 114
 106 113  99 105 112  97 100 105 119 116 110 104 101 115 108 103 118 120 106 111  98 109 107 106 121 114
 117 113  99 105 112  97 100 122 114 116 110 115 101 115 108 103 113 120 106 111  98 109 107 102 121 114
 115 113 109 105 112  97 100 122 119 116 110 104 101 119 108 103 118 120 106 111  98 109 107 102 121 114
 117 113  99 105 101  97 100 122 104 116 110 104 101 115 108 103 118 103 106 111  98 109 107 102 121 114
 117 113  99 105 112  97 100 122 119 107 119 104 101 119 108 103 118 120 106 111  98 109 107 102 121 114
 117 113  99 105 112  97 100 122 119 116 122 104 101 115 108 103 118 120 106 112  98 113 107 102 121 114
 117 122  99 105 112  97 100 122 106 116 110 104 101 115 108 103 118 120 106 111  98 109 108 102 121 114
 117 113  99 105 112  97 100 122 119 116 110 104 101 115 108 110 118 120 106 111  98 109 107 102 101 101
 117 113  99 105 121  97 110 122 119 116 110 104 101 115 108 103 118 120 106 111 105 109 107 102 121 114
 117 113  99 105 112  97 100 113 119 116 110 104 101 115 119 103 104 120 106 111  98 109 107 102 121 114
 117 121  99 105 112  97 100 122 119 116 110 104 101 115 108 111 118 120 106 111  98 109 111 102 121 114
 117 113  99 105 112  97 100 122 119 116 110 104 101 115 108 103 118 120  99 111 122 109 120 102 121 114
 117 113 109 105 112  97 100 122 119 116 110 120 101 122 108 103 118 120 106 111  98 109 107 102 121 114
 117 113  99 105 112  97 100 122 102 116 110 104 101 115 108 103 118 120 106 111 116 109 107 102 102 114
  97 113  99 105 112  97 105 122 119 116 110 104 101 115  97 103 118 120 106 111  98 109 107 102 121 114
 117 113  99 105 112  99 100 122 119 116 110 104 101 115 108 103 111  97 106 111  98 109 107 102 121 114
 117 113  99 121 112  97 100 103 119 116 110 104 101 115  98 103 118 120 106 111  98 109 107 102 121 114
 117 113  99 105 112  99 100 122 119 116 110 104 101 115 108 103 118 120 106 101  98 109 107 102 121  98
 117 104  99 118 112  97 100 122 119 116 110 104 101 115 108 103 118 120 106 111  98 122 107 102 121 114
 117 113  99 105 112  97 100 122 119 116 110 112 101 115  97 103 118 120 109 111  98 109 107 102 121 114
 117 113  99 105 112  97 100 122 119 116 110 105 100 115 108 103 118 120 106 111  98 109 107 102 111 114
 117 113  99 105 112  97 100 107 119 116 110 104 101 115 105 103 118 120 106 122  98 109 107 102 121 114
 117 113  99 121 112  97 100 108 119 116 110 104 101 115 108 115 118 120 106 111  98 109 107 102 121 114
 113 113  99 105 112  97 100 122 119 116 110 104 101 115 119 103 118 120 106 111  98 109 107 111 121 114
 117 113  99 105 112  97 100 122 119 116 110 104 101 115 108 103 118 120 106 104  98 109 109  99 121 114
 117 113  99 105 112  97 100 122 119 116 110 104 101 115 111 103 118 120 106 111 114 109 107 102 109 114
 117 113  99 105 112  97 100 122 119 116 110 104 101 116  99 103 118 120 103 111  98 109 107 102 121 114
2:  247
3:  37
checksum:  9139
